14

0
0.000000
3.970000
0.000000
0.000000
0.000000
0.000000
0.000000
0.000000
0.000000
0.000000
0.000000
0.000000
0.000000
0.000000
0.000000
0.000000
0.000000
0.000000
0.000000
0.000000
0.000000
0.000000
0.000000
0.000000
0.000000
0.000000
0.000000
0.000000
0.000000
90.000000
0.000000

1
0.584088
3.080000
0.000000
0.000000
1.000000
0.000000
0.000000
0.000000
23.308918
0.000000
0.000000
-22.392082
0.000000
0.000000
-23.308918
0.000000
0.000000
24.529808
0.000000
0.000000
0.000000
0.000000
0.000000
0.000000
0.000000
0.000000
0.000000
0.000000
0.000000
90.000000
0.000000

2
1.254952
2.190000
0.000000
0.000000
1.000000
0.000000
0.000000
0.000000
0.000000
0.000000
0.000000
0.000000
0.000000
0.000000
0.000000
0.000000
0.000000
0.000000
0.000000
0.000000
0.000000
0.000000
0.000000
0.000000
0.000000
0.000000
0.000000
0.000000
0.000000
90.000000
0.000000

3
1.688942
1.300000
0.000000
0.000000
1.000000
0.000000
0.000000
0.000000
-28.503944
0.000000
0.000000
29.140474
0.000000
0.000000
24.836315
0.000000
0.000000
-24.527514
0.000000
0.000000
0.000000
0.000000
0.000000
0.000000
0.000000
0.000000
0.000000
0.000000
0.000000
90.000000
0.000000

4
1.688942
0.756704
0.000000
0.000000
1.000000
0.000000
0.000000
0.000000
-10.213410
0.000000
0.000000
10.876822
0.000000
0.000000
13.259821
0.000000
0.000000
-8.954840
0.000000
0.000000
0.000000
0.000000
0.000000
0.000000
0.000000
0.000000
0.000000
0.000000
0.000000
90.000000
0.000000

5
2.122932
0.410000
0.000000
0.000000
1.000000
0.000000
0.000000
0.000000
0.000000
0.000000
0.000000
0.000000
0.000000
0.000000
0.000000
0.000000
0.000000
0.000000
0.000000
0.000000
0.000000
0.000000
0.000000
0.000000
0.000000
0.000000
0.000000
0.000000
0.000000
90.000000
0.000000

6
2.840464
0.410000
0.000000
0.000000
1.000000
-30.196976
0.000000
0.000000
0.000000
0.000000
21.067543
0.000000
0.000000
-22.392082
0.000000
0.000000
0.000000
0.000000
0.000000
0.000000
0.000000
0.000000
0.000000
0.000000
0.000000
0.000000
0.000000
0.000000
0.000000
90.000000
0.000000

7
3.658449
0.410000
0.000000
0.000000
1.000000
-106.671165
0.000000
0.000000
0.000000
0.000000
21.067543
0.000000
0.000000
-22.392082
0.000000
0.000000
0.000000
0.000000
0.000000
0.000000
0.000000
-17.235136
-17.438730
0.000000
0.000000
0.000000
0.000000
0.000000
0.000000
90.000000
0.000000

8
4.843903
-2.215881
0.448256
0.000000
1.000000
-243.675186
0.000000
0.000000
0.000000
0.000000
40.880348
0.000000
0.000000
-40.211033
0.000000
-30.015932
0.000000
0.000000
25.142590
0.000000
0.000000
-1.130476
-1.001102
26.365871
25.208704
0.000000
0.000000
0.000000
0.000000
90.000000
0.000000

9
5.850154
-0.927298
1.740229
0.000000
1.000000
-297.068878
0.000000
-25.297945
0.000000
0.000000
40.880348
0.000000
0.000000
-40.211033
-16.626944
-17.807903
0.000000
23.308918
37.918373
0.000000
0.000000
-1.130476
-1.001102
26.365871
25.208704
0.000000
0.000000
0.000000
0.000000
90.000000
0.000000

10
6.837849
-2.771285
0.868220
0.000000
1.000000
-356.871918
0.000000
20.566620
0.000000
0.000000
17.170290
0.000000
0.000000
-17.301985
0.000000
0.000000
0.000000
0.000000
0.000000
0.000000
0.105084
-45.000000
-45.000000
26.365871
25.208704
0.000000
0.000000
0.000000
0.000000
90.000000
0.000000

11
7.570526
-3.505574
-0.079791
0.000000
1.000000
-356.871918
0.000000
0.000000
0.000000
0.000000
0.000000
0.000000
0.000000
0.000000
0.000000
0.000000
0.000000
0.000000
0.000000
0.000000
0.000000
0.000000
0.000000
0.000000
0.000000
0.000000
0.000000
0.000000
0.000000
90.000000
0.000000

12
8.588535
-3.505574
-0.079791
0.000000
81.445068
-356.871918
0.000000
0.000000
0.000000
-16.113548
45.000000
0.000000
20.774237
-45.000000
0.000000
0.000000
0.000000
0.000000
0.000000
0.000000
0.000000
0.000000
0.000000
0.000000
0.000000
0.000000
0.000000
0.000000
0.000000
90.000000
0.000000

13
9.576832
-3.505574
-0.079791
0.000000
148.313919
-356.871918
41.958458
0.000000
0.000000
0.000000
45.000000
0.000000
0.000000
-45.000000
0.000000
0.000000
0.000000
0.000000
0.000000
0.000000
0.000000
-18.968956
-18.213942
0.000000
0.000000
0.000000
0.000000
0.000000
0.000000
90.000000
0.000000

14
10.000000
-3.505574
-0.079791
0.000000
199.824600
-356.871918
180.066086
0.000000
0.000000
0.000000
0.000000
0.000000
0.000000
0.000000
0.000000
0.000000
0.000000
0.000000
0.000000
0.000000
0.000000
0.000000
0.000000
0.000000
0.000000
0.000000
0.000000
0.000000
0.000000
90.000000
0.000000

